1001 654321
1002 654321
1003 654321
1004 654321
202101 777777
202102 777777
202103 777777
202104 777777
202105 777777
202106 777777
202107 777777
202108 777777
202109 777777
202110 777777
202111 777777
202201 888888
202202 888888
202203 888888
202204 888888
202205 888888
202206 888888
202207 888888
202208 888888
202209 888888
202210 888888
202211 888888
202212 888888
202301 999999
202302 999999
202303 999999
202304 999999
202305 999999
202306 999999
202307 999999
202308 999999
202309 999999
202310 999999
202311 999999
202312 999999
202313 999999
202314 999999